0.1615783,0.37485445,0.28577113,0.76353,0.51159453
0.51559925,0.92824036,0.0834806,0.253309,0.64478797
0.03954202,0.4130612,0.822561,0.34616506,0.45236677
0.50020754,0.021532476,0.5076864,0.17211759,0.15110701
0.44108295,0.16787416,0.38933808,0.31080955,0.23160082
0.30795562,0.5142547,0.7787809,0.5391853,0.204081
0.53196484,0.4997086,0.37351,0.89746726,0.1329099
0.4618544,0.47094506,0.7807717,0.7155977,0.9695295
0.3362469,0.5897748,0.06483072,0.051644027,0.7294946
0.36694634,0.23449105,0.9339411,0.36247408,0.86192256
0.92883986,0.8099152,0.70268935,0.72140646,0.27691168
0.55162996,0.557882,0.083509564,0.9749999,0.5459401
0.33900535,0.3230362,0.2995507,0.4495405,0.9963521
0.9743087,0.47055334,0.1873225,0.52106416,0.30108744
0.84710526,0.35548574,0.25639272,0.023207009,0.20394927
0.56359285,0.028481483,0.23052847,0.051320493,0.828123
0.29207623,0.4846391,0.7438537,0.8325451,0.46252364
0.78284293,0.13930678,0.7011395,0.04429412,0.0553869
0.113242984,0.08804512,0.5095291,0.7139655,0.8809962
0.13494736,0.6561157,0.6282276,0.28865486,0.04635018
0.71814346,0.82410836,0.51108134,0.8024223,0.48883963
0.10679138,0.43416172,0.24803716,0.3791021,0.4976067
0.14651322,0.27699018,0.5831961,0.37029773,0.8865195
0.64258987,0.82864094,0.77008057,0.73694813,0.31352156
0.53914195,0.19364864,0.816272,0.42346245,0.78046846
0.25185382,0.8797433,0.7419535,0.742923,0.20718938
0.65029585,0.27254897,0.6680986,0.559235,0.99558306
0.74022466,0.80864614,0.055564404,0.59605306,0.53635836
0.12265754,0.8666948,0.97118217,0.39539927,0.80323255
0.0056310296,0.359209,0.18646389,0.34758556,0.07936889
0.6760884,0.08269429,0.8874259,0.47938192,0.114353955
0.5206469,0.8183993,0.22080505,0.6135622,0.633377
0.07768482,0.6719694,0.18360704,0.4106564,0.7108788
0.25027645,0.3509307,0.3838073,0.25535685,0.4444307
0.18510717,0.41348958,0.40834528,0.41811013,0.32974094
0.3543564,0.10870439,0.8353354,0.1483261,0.016422749
0.43170577,0.01381737,0.77424276,0.98415107,0.03771627
0.81853783,0.54413635,0.23929995,0.43087226,0.22169715
0.77561325,0.3469745,0.59196776,0.41016847,0.32589066
0.76372564,0.2374636,0.4347192,0.16187876,0.43905872
0.8538804,0.58545035,0.6900988,0.2706324,0.496176
0.3836915,0.16952205,0.8545424,0.93469447,0.21737915
0.3917505,0.45235294,0.14798933,0.6815353,0.4939435
0.6996933,0.042355657,0.5775706,0.7060187,0.7044524
0.5670459,0.6895851,0.2889995,0.3247698,0.070059896
0.53961504,0.045187354,0.2714879,0.19367367,0.08101505
0.8658741,0.12266135,0.43338168,0.8290391,0.046429157
0.9409533,0.7997879,0.9940817,0.61697793,0.0025131702
0.8653939,0.020419657,0.73803014,0.18796986,0.43571436
0.8355607,0.6555132,0.65091324,0.020099938,0.86718917
0.36149818,0.4022321,0.79807633,0.0056236982,0.69198424
0.5017989,0.22892803,0.9221195,0.12495476,0.79654044
0.6297051,0.64809614,0.76881963,0.3172384,0.38613796
0.3593946,0.4553178,0.7129597,0.43030542,0.7616411
0.35743183,0.5801717,0.73648083,0.37983835,0.59564817
0.11687982,0.6737217,0.9952273,0.884158,0.8994402
0.8943265,0.038321495,0.9735259,0.04537475,0.20844883
0.59346646,0.030334234,0.7802422,0.27807152,0.15386385
0.8445935,0.039810777,0.5845985,0.6639688,0.06581789
0.10185462,0.43853283,0.4262393,0.78898484,0.19051427
0.9145915,0.4682554,0.7785595,0.61537474,0.25294673
0.35574764,0.80661076,0.6535993,0.15952027,0.7086389
0.853745,0.20890892,0.4941795,0.72693604,0.4635566
0.45293087,0.3314141,0.74516153,0.97095144,0.42447925
0.7758663,0.9443333,0.1669851,0.10942602,0.42219073
0.08782506,0.18241543,0.16554493,0.6392123,0.059823275
0.5559307,0.7897782,0.4610511,0.97857296,0.99278575
0.28037804,0.31433487,0.2808504,0.9972543,0.8112501
0.44740033,0.28277576,0.117094874,0.6892777,0.6397702
0.5966341,0.24233323,0.648748,0.18114853,0.075309575
0.590507,0.3507725,0.3305447,0.9643489,0.8213399
0.19248205,0.35764247,0.053789496,0.644266,0.7931561
0.64486414,0.29623312,0.22217578,0.7453243,0.17845088
0.7877786,0.37363333,0.20431453,0.36034864,0.7782893
0.24752688,0.14817303,0.94758534,0.6880536,0.60929614
0.5483936,0.19054282,0.43991518,0.22127634,0.050584435
0.3580324,0.06721717,0.95719504,0.57153785,0.9479936
0.56607425,0.9121371,0.228472,0.7238788,0.09697467
0.05361092,0.12087482,0.55422217,0.4807338,0.63293576
0.580472,0.57092327,0.90650606,0.43807006,0.3268634
0.6639495,0.27559185,0.84638256,0.16497087,0.48183477
0.9121046,0.56942827,0.81187916,0.238877,0.3588764
0.98786545,0.17388827,0.92335045,0.46011752,0.76018894
0.9996427,0.95173746,0.20450127,0.4674837,0.08979702
0.562871,0.88176453,0.43176883,0.2213245,0.26356888
0.5712155,0.14874429,0.004234016,0.25022948,0.16576183
0.1927911,0.5315784,0.7223438,0.70454013,0.88180935
0.888486,0.3973925,0.6943233,0.53865737,0.08513671
0.5658787,0.8640649,0.3043602,0.61631584,0.033575058
0.6864922,0.6482725,0.66387516,0.9103589,0.7747832
0.96589726,0.28766418,0.069782495,0.19946527,0.2616526
0.8375297,0.89076066,0.99500287,0.95302963,0.79826266
0.6679429,0.653944,0.71601266,0.25267398,0.9538242
0.30495423,0.60702395,0.6662242,0.06859666,0.79411834
0.26936638,0.0027222037,0.48747975,0.59225035,0.48644555
0.7718634,0.44190425,0.62727314,0.18973124,0.45945507
0.8470103,0.14308214,0.76438594,0.503078,0.3236577
0.36492264,0.23274589,0.33330077,0.8480574,0.15842968
0.596025,0.45674253,0.6356931,0.072530806,0.9765224
0.0045414567,0.53195876,0.46780396,0.933917,0.8920754
0.30578172,0.5892061,0.3619774,0.9228415,0.4405744
0.6382873,0.9000545,0.5687803,0.9218921,0.5124558
0.8983652,0.9323454,0.90890473,0.3999421,0.35788023
0.39511395,0.83598036,0.3081866,0.4279756,0.4582317
0.4384793,0.14688206,0.094980955,0.60124254,0.19362581
0.69714767,0.31065768,0.6699054,0.3126815,0.7978081
0.04934603,0.20418501,0.6925741,0.5309778,0.1872769
0.4018165,0.4042608,0.64851016,0.6024553,0.61380845
0.26611757,0.29087037,0.06384897,0.64712894,0.9825642
0.41648984,0.46001756,0.21421856,0.53572077,0.8835186
0.14932382,0.75871116,0.9838936,0.4488377,0.69932866
0.14398211,0.86497456,0.012049556,0.24011344,0.87746096
2.0563602E-4,0.8995824,0.20195198,0.8824652,0.50118387
0.25553584,0.36800277,0.16573995,0.96671784,0.8585597
0.18697447,0.6794809,0.12891912,0.010568798,0.25927812
0.27709043,0.36710805,0.31402206,0.6244814,0.30354434
0.9353915,0.49236035,0.9858111,0.6008467,0.815722
0.72274524,0.07519925,0.82617396,0.75569654,0.0029824972
0.7318085,0.27092028,0.38290614,0.7718237,0.7135604
0.113345504,0.2980885,0.3110113,0.0203349,0.20403868
0.70945466,0.8251915,0.7954397,0.745189,0.32306337
0.55602103,0.56669074,0.70374125,0.050885737,0.20507056
0.44888532,0.97667474,0.18793303,0.08007127,0.9415316
0.67688495,0.7310133,0.052665055,0.9017945,0.8377861
0.1645295,0.9344531,0.40815234,0.5067814,0.013593912
0.07418746,0.5315911,0.47075725,0.23139703,0.36254632
0.3195849,0.17139101,0.844559,0.93840516,0.98480874
0.8031096,0.39278454,0.4149502,0.11985999,0.12863576
0.5990889,0.5658553,0.0677104,0.416488,0.6603349
0.817326,0.067762494,0.55568147,0.7393728,0.6737
0.109090865,0.38161635,0.016717196,0.8946842,0.45244205
0.9007215,0.0640533,0.115912855,0.17654043,0.3041979
0.17376119,0.5329718,0.23957413,0.040579855,0.25232822
0.92250514,0.44456953,0.9173361,0.44956744,0.47704387
0.5785812,0.8690205,0.749732,0.8870111,0.3208894
0.027446508,0.70988375,0.7176349,0.87044835,0.5962148
0.9021101,0.59208435,0.31908965,0.9795628,0.24371415
0.13795477,0.9762076,0.8008612,0.10580963,0.9114008
0.98591644,0.24907374,0.2171216,0.93521565,0.2046411
0.5089267,0.84432334,0.24140668,0.75219226,0.1390968
0.027284145,0.08317083,0.48232573,0.547502,0.4666143
0.94363487,0.79734796,0.2369895,0.81632936,0.2450118
0.09889275,0.09123802,0.7850241,0.65788835,0.8949226
0.6007642,0.83443886,0.34155887,0.40583533,0.72758895
0.27388853,0.506986,0.55924,0.5519948,0.87759465
0.54756695,0.27656102,0.02843833,0.14351451,0.92857707
0.59608334,0.30601978,0.4629858,0.23015368,0.014646411
0.9484126,0.3127513,0.25852627,0.819433,0.32042217
0.96733594,0.83715224,0.7380095,0.96887183,0.2556234
0.07200146,0.5284289,0.1920206,0.8091721,0.16667539
0.48486495,0.26002002,0.7166387,0.108891785,0.95755625
0.20659322,0.06912148,0.60385996,0.90847635,0.33268
0.3981498,0.36661673,0.29517215,0.07553601,0.9524952
0.35995775,0.09269905,0.70539945,0.5615345,0.61251414
0.097744584,0.7894345,0.4133665,0.48066026,0.074718535
0.89761657,0.8705246,0.7434944,0.64833474,0.69064856
0.2391485,0.39520806,0.5060759,0.06686735,0.111839116
0.3394904,0.9652118,0.956006,0.5112976,0.16447908
0.83399516,0.19279236,0.40792525,0.31521904,0.88182586
0.53974634,0.09718037,0.70152384,0.81568235,0.075474024
0.034287453,0.6299651,0.12505311,0.12384814,0.5318318
4.5208993,0.38032532,0.18190086,0.41616768,1.5158403
0.45368528,-4253.4214,0.6937409,0.5472614,0.012460947
0.6964621,0.9272595,0.40662748,0.40114093,0.06903964
0.5243826,0.95129365,0.55749005,0.695275,0.1358934
0.020857453,0.5301827,0.6632728,0.1790719,0.2156797
0.4352576,0.06040281,0.697667,0.90532017,0.04490018
0.30410177,0.7434237,0.74202013,0.6075523,0.89082056
0.4154861,0.30313265,0.08113402,0.91779315,0.98824966
-60.017162,-142.57228,-89.01409,36.733055,-119.937836
-147.60121,0.023765206,0.55504286,5.010193,1.3363028
0.7946658,0.39411598,0.34370905,0.027730584,0.42105728
0.040973544,0.13974202,0.76179343,0.4038818,0.8820867
0.47600412,0.5243919,0.6311693,0.26503694,0.664217
0.37998492,0.07535052,0.30457813,0.20210874,0.36758256
0.5314247,0.9647876,0.5554933,0.18892467,0.50655335
0.644714,0.38466388,0.37512767,0.37447733,0.23141396
0.09061986,-4290.376,0.47008196,0.45295864,0.09500414
0.6638225,0.39412403,0.51607376,0.8345546,0.2458806
0.7778471,0.791162,0.7271434,0.12244916,0.21843618
0.19957209,0.6199908,0.64652383,0.32306677,0.018989563
0.9152657,0.19917321,0.7173499,0.040919304,0.17354071
0.1893059,0.5611765,0.3404739,0.009659171,0.7512455
0.564508,0.5527826,0.81350076,0.025609672,0.010704756
0.43308204,0.70118743,0.5805856,0.61589634,0.2615313
0.38923705,0.3483687,0.78675234,0.95109147,0.14655071
0.7170171,0.3951338,0.10084075,0.46623445,0.62207973
0.09996861,0.06363672,0.42927873,0.6863778,0.8805668
0.91151756,0.8074244,0.44580346,0.6884577,0.30628413
0.21626592,0.13281125,0.9358829,0.2044152,0.69807124
0.7997215,0.8937548,0.8415222,0.97712487,0.06899524
0.28943443,0.13352746,0.51788145,0.47404766,0.99912906
0.1571486,0.27173272,0.22908956,0.4065411,0.07392052
0.13743797,-0.17743728,-0.13921203,-170.8048,-0.062606536
0.24423051,0.27683648,0.42379084,0.2909817,0.32136202
17.319029,0.8826813,0.36938727,0.41935092,0.6160925
0.27783966,0.57097435,0.06373435,0.41493183,0.10881299
0.579815,0.75033635,0.2003665,0.32191432,0.98584086
0.29844332,0.7549066,0.8374265,0.05323553,0.17692518
0.5537543,0.2528507,0.526562,0.23567551,0.34595263
0.23901075,0.90081453,0.3061697,0.37248516,0.89464426
0.88664424,0.59191406,0.72782826,0.32887775,0.8341357
0.21945241,0.21152326,0.22724737,0.09392176,0.22380206
0.533918,0.9254142,0.59152436,0.3924806,0.36871427
0.683009,0.26496446,0.16469765,0.051945627,0.6591838
0.88474613,0.8935159,0.37013233,0.08705866,0.13024831
0.36445916,0.5804844,0.88432276,0.9225654,0.499568
0.25794077,0.6546621,0.6392903,0.76177347,0.21451867
0.97616434,0.8857115,0.4533165,0.23234636,0.4327008
0.4652359,0.62331873,0.38778222,0.3143732,0.9799714
0.33349273,0.09912902,1.1001728,0.34491688,0.30445138
0.006549895,0.7318872,0.5463797,0.10048562,0.8644948
0.49784493,0.5328267,0.90305144,0.105172694,0.9543305
0.10115349,0.29112434,0.59525067,0.7291883,0.5607733
0.5840377,0.19583648,0.32950085,0.8788465,0.38131517
0.9483997,0.32578093,0.21420753,0.24350178,0.926541
0.8267267,0.53286964,0.8400875,0.46506214,0.72460717
0.28166497,0.08402109,0.31967944,0.2774467,0.3465932
0.48437196,1.2826157,0.57250327,0.033679485,0.52647
0.61085385,0.13578647,0.17512083,0.066976845,0.8565425
0.66948646,0.24378693,0.69623905,0.92426103,0.72073627
0.28761035,0.41234416,0.4306957,0.587599,0.06355983
0.27780634,0.80944806,0.47342026,0.99738955,0.98795336
0.492284,0.11220014,0.8301757,0.41496778,0.85121065
0.33458054,0.9047166,0.21740109,0.2488727,0.14122891
0.27513784,0.64442337,0.62013435,0.84355235,3.8161628
3.3148277,-134.1767,-127.13934,-141.51271,-41.61546
1.278148,-99.98253,0.7235594,0.6315024,0.84360147
34.756462,0.21449947,0.21260345,0.8081745,0.41570336
0.8335086,0.9377726,0.07625592,0.5422595,0.7066046
0.78588784,0.15784192,0.004374981,0.49357384,0.5810783
0.74312377,0.11323738,0.9570265,0.5025034,0.22976124
0.75431615,0.7650426,0.6054018,0.22018969,0.86966485
11.05663,-70.15124,5.09095,0.21641438,0.41371796
5.889035,-145.66675,-84.92666,0.9248288,3.9958658
9.976537,2.061903,2.2385297,2.0069551,0.74258375
-127.16251,0.50348544,0.3207708,-89.977036,-97.44753
-264.0352,9.411867,0.3711457,-320.22177,0.3753827
-204.46219,0.39813602,0.14463645,-248.00053,0.40068454
0.97818387,0.14678055,0.5232213,0.52858114,0.43528956
-5.479056,-83.49708,0.75431854,-325.32248,-14829.121
-133.34987,-299.43512,-133.70438,-84.7434,-101.85067
-2.738605,-8.441374,-19.685759,5.1895037,0.47395888
113.96239,279.4327,97.48871,67.70333,44.47987
0.14085698,114.83337,0.5242931,0.38464642,0.31714773
-173.79648,-118.62135,-149.35814,-306.60263,-162.13298
-24.659061,-160.06465,-88.24606,-289.4312,-211.93832
-19.926226,-116.410645,-247.94495,-164.46677,-404.84644
-141.98389,-5.1486483,-53.887028,-128.6301,-1.1095088
-4146.769,-56.552895,3.3295634,-97.092476,-24.952604
2.0847788,8.775413,2.6320558,1.3686771,0.8258927
14.399346,14.567109,161.7351,0.018038154,23.29484
0.23450875,0.7670258,0.2660272,0.76686126,0.7413933
0.64682,0.19298464,0.13666153,0.32696384,0.33438373
0.40202725,0.9641417,0.0056402087,0.54498583,0.7056692
-12.01496,-15.611645,-7.6979284,-111.757835,-7.811368
0.3165276,0.3869481,0.51058745,0.09779388,0.055907726
0.14250511,0.94289386,0.52285063,0.37484562,0.7431683
0.22072458,0.34836775,0.513634,0.45682573,0.522907
0.78007394,0.08453202,0.23637176,0.8037755,0.49744016
0.06851059,0.49822354,0.70626974,0.67493236,0.46672678
0.57265407,0.0015727878,0.02858013,0.6382265,0.14332706
0.5867944,0.07641864,0.87111974,0.5609394,0.53585714
0.09565443,0.4531265,0.26120257,0.79163206,0.6935506
0.8569569,0.3784507,0.53660494,0.8626428,0.9089793
0.0022044778,0.0809958,0.5542012,0.33656758,0.54011095
0.61317134,0.099921584,0.24266738,0.11349481,0.9076023
0.24072784,0.87795067,0.6747649,0.96417505,0.7128274
0.38365602,0.07291931,0.8943613,0.23696089,0.9658292
0.56497496,0.71515036,0.4645934,0.92127347,0.46813512
0.04263115,0.79476637,0.7136984,0.09756732,0.4590065
0.8202649,0.5038555,0.22380012,0.3524021,0.32492888
0.93388367,0.40113473,0.07211423,0.021522284,0.22400749
0.43896556,0.25550395,0.86874634,0.27488494,0.37244332
0.2470411,0.94284564,0.21440876,0.37167436,0.30569315
0.92703414,0.537044,0.33015722,0.62894285,0.16723746
0.35687578,0.034735322,0.40987432,0.6347876,0.18980485
0.5854743,0.7199589,0.5488306,0.4462692,0.021367311
0.08111322,0.07857674,0.53104323,0.5000906,0.35269284
0.24368852,0.8657252,0.1671738,0.71867853,0.2172209
0.16955447,0.4411217,0.46514922,0.82853556,0.1851511
0.59605455,0.5883479,0.75194615,0.20864642,0.53967005
0.6964171,0.91581005,0.50723046,0.8283573,0.97744596
0.99516463,0.574714,0.9881261,0.7332557,0.78724134
0.6359189,0.409038,0.70963484,0.5359571,0.86279297
0.24162579,0.34619653,0.9112491,0.5063423,0.602787
0.9012391,0.610502,0.9229612,0.022988081,0.46061087
0.9140356,0.91830873,0.5453699,0.7814417,0.60681325
0.99314094,0.8701472,0.745526,0.4527353,0.31980002
0.70952386,0.20425153,0.06557137,0.7581206,0.5645364
0.7619739,0.5710126,0.6688371,0.63761973,0.46620286
0.91616684,0.4796704,0.090161085,0.5862892,0.9987237
0.77887046,0.25745547,0.9323812,0.24514282,0.104785204
0.08949584,0.8854667,0.6510805,0.77443296,0.15183735
0.6550915,0.38765883,0.38517004,0.0054214597,0.78481686
0.029862642,0.7123488,0.5842323,0.6135668,0.023715377
0.05010563,0.22563875,0.5643776,0.89549786,0.3013569
0.9764455,0.8601577,0.7176386,0.71813345,0.60305905
0.23291695,0.233616,0.642516,0.6896987,0.7288359
0.31175613,0.80117214,0.29403585,0.883502,0.2716444
0.18843377,0.9376656,0.03527832,0.56844574,0.81327873
0.26206976,0.27799165,0.9353766,0.3826357,0.57578987
0.82577515,0.7324574,0.29797775,0.93960583,0.52415794
0.56029606,0.3032114,0.7002898,0.11107308,0.34257144
0.4232679,0.46497363,0.3874963,0.80362695,0.48098916
0.15235883,0.4584387,0.6298874,0.039675593,0.32431585
0.69299936,0.8861796,0.6950753,0.67321044,0.3393476
0.98631567,0.299572,0.21718913,0.5242115,0.3919828
0.8353177,0.15644228,0.76014763,0.23966402,0.34290892
0.37843263,0.48605418,0.7082047,0.8768913,0.7460169
0.5666346,0.18930537,0.107730985,0.9059465,0.7251139
0.4057265,0.017911851,0.8772886,0.28046477,0.05984646
0.7580311,0.5508223,0.20494372,0.053452373,0.70864856
0.9560825,0.9940028,0.68435603,0.08597851,0.31969792
0.34121102,0.51847523,0.34610295,0.37343353,0.76592696
0.05881858,0.8768763,0.7765252,0.86923254,0.99403286
0.785663,0.29947245,0.55598164,0.6824692,0.8994648
0.20082188,0.71988916,0.14640665,0.3773507,0.6535019
0.1022709,0.749963,0.33761168,0.97614795,0.765119
0.2607028,0.31364352,0.014163673,0.49464357,0.983414
0.3597204,0.6111641,0.9310374,0.13992715,0.19094282
0.44202423,0.43960345,0.33060443,0.8129218,0.15382165
0.074560165,0.713664,0.9858388,0.97988003,0.76487803
0.78224987,0.4715113,0.09474027,0.84659964,0.18875659
0.2011342,0.8562342,0.14994556,0.8036369,0.50615865
0.32372522,0.11402869,0.63028103,0.6061338,0.93224376
0.36811888,0.13830858,0.021665871,0.4576459,0.34638804
0.708999,0.47816432,0.5247964,0.8769588,0.41083705
0.63029444,0.05411017,0.68284357,0.7104459,0.17440712
0.8379177,0.03912109,0.5971727,0.4797879,0.87755626
0.5994198,0.79725236,0.36940122,0.33812135,0.57343996
0.77176416,0.5991562,0.28725594,0.19116592,0.33061844
0.84627694,0.010444105,0.19831026,0.9170614,0.13439703
0.31513757,0.5637115,0.966279,0.42541385,0.6397915
0.5069296,0.22252578,0.91092217,0.59094733,0.6218421
0.023891449,0.60390794,0.59172356,0.66826206,0.8993952
0.42318338,0.8818495,0.05333376,0.4775715,0.5996037
0.7680452,0.48786277,0.7685335,0.75910926,0.30611414
0.34458113,0.032304645,0.39326227,0.056848764,0.5866704
0.5492263,0.21995538,0.23418504,0.38758564,0.12832022
0.17932725,0.39989412,0.47691387,0.55071974,0.11422908
0.69325906,0.33203125,0.18821114,0.41207278,0.51839644
0.23675883,0.68088436,0.47113347,0.6438184,0.5605362
0.20407546,0.2455141,0.3768348,0.4345457,0.12467468
0.9577046,0.5052823,0.17956704,0.8915124,0.6378809
0.8626368,0.73566747,0.8549345,0.9334366,0.20178413
0.9035559,0.22392875,0.9438654,0.7643734,0.47800177
0.028317928,0.1563136,0.09369606,0.5235375,0.41049898
0.36468518,0.24245429,0.8271567,0.33342153,0.5226768
0.5023201,0.8013565,0.42034674,0.9347394,0.8528422
0.40315896,0.17937803,0.07217044,0.696562,0.34428447
0.08126253,0.96418643,0.32543665,0.2645452,0.41880655
0.082476854,0.5188883,0.8152902,0.26431972,0.12283993
0.39220488,0.95655644,0.28125995,0.1696021,0.6903534
0.45386767,0.525012,0.5170604,4.8834085E-4,0.9402026
0.2588482,0.12379813,0.26686317,0.38989854,0.72290695
0.8719056,0.4639879,0.3486333,0.74851173,0.9809177
0.010773659,0.94660044,0.13183689,0.436139,0.14407957
0.6050613,0.30908138,0.3100896,0.15184873,0.26088464
0.0961898,0.14452004,0.74819,0.7525806,0.32969385
0.11609495,0.11552715,0.84609616,0.6385692,0.29054618
0.67773235,0.26326257,0.35053736,0.6009609,0.3108617
0.6139817,0.3819394,0.012835443,0.12172055,0.93990296
0.31199098,0.4283713,0.58584017,0.28634983,0.4243009
0.30193645,0.93037695,0.37892663,0.056735456,0.5060033
0.731009,0.95716566,0.18552399,0.17926204,0.6355294
0.7698766,0.555827,0.38947868,0.6427639,0.8528208
0.91790795,0.2182371,0.17113757,0.45029795,0.8230534
0.8532891,0.10099822,0.9984961,0.09110767,0.42617512
0.7472213,0.19634032,0.027846217,0.26686502,0.20516014
0.37145913,0.080103874,0.10787982,0.4951859,0.013607204
0.88246953,0.13032287,0.79337364,0.73078704,0.80794406
0.5627541,0.19990492,0.35480177,0.8491811,0.39327937
0.5110315,0.31310487,0.12327361,0.6579068,0.39868098
0.91866136,0.31529504,0.41144544,0.5454586,0.067587495
0.56885684,0.67434174,0.20162708,0.7874359,0.5942788
0.09458923,0.31105518,0.66600275,0.85831404,0.6616342
0.8360011,0.16736948,0.49387413,0.7639712,0.706335
0.6006161,0.4694211,0.5083831,0.7708923,0.7059805
0.54068965,0.61988837,0.8236655,0.6938022,0.5772299
0.58427787,0.06523961,0.75578064,0.17862904,0.82068264
0.15933263,0.66462207,0.0022037625,0.18444103,0.49325216
0.13863641,0.1260069,0.36115468,0.17181975,0.8499504
0.5969721,0.19128406,0.37455457,0.25239265,0.03710538
0.92724127,0.10554576,0.4462189,0.42269903,0.82265973
0.9909414,0.16079462,0.26551884,0.07844365,0.34011877
0.3154493,0.73687077,0.5901639,0.35952085,0.32441503
0.7425736,0.54469466,0.7328695,0.5911909,0.3568589
0.03652519,0.8031815,0.5458807,0.047639072,0.9001695
0.24975258,0.17306459,0.07592648,0.9282584,0.91794103
0.43977797,0.49592024,0.5738982,0.856864,0.87709934
0.8220031,0.082594454,0.3816296,0.6355655,0.5155412
0.44299626,0.0356251,0.28942436,0.93290025,0.49664718
0.8006592,0.24382341,0.35547268,0.8239445,0.6323163
0.4923162,0.101795375,0.16573489,0.9799961,0.43657047
0.4481259,0.38421327,0.79860616,0.71994567,0.12597543
0.9987056,0.54894257,0.63525945,0.16431534,0.105656445
0.6592095,0.6317143,0.8447734,0.06830764,0.54196596
0.5559297,0.3227238,0.20369422,0.38128442,0.6256086
0.3947611,0.361,0.76984227,0.4137634,0.6167106
0.062429667,0.9414112,0.72088724,0.71236116,0.62828064
0.051926613,0.81682235,0.060722172,0.6947669,0.043500066
0.80411774,0.8861588,0.8064459,0.49914628,0.12499446
0.17184359,0.24374026,0.22047484,0.8398921,0.47367793
0.4530878,0.42544848,0.5472077,0.1281603,0.9283339
0.4952367,0.67263556,0.9472754,0.44072622,0.5735849
0.5239529,0.48203218,0.38556105,0.19062895,0.20878673
0.89446723,0.4803781,0.78251284,0.35582608,0.8904859
0.9754358,0.06474513,0.49684554,0.70466274,0.19963455
0.17723757,0.44026715,0.77635163,0.43887413,0.73225534
0.4974715,0.9289803,0.77520955,0.8212036,0.5986868
0.78869486,0.9050435,0.030224442,0.7001002,0.11376321
0.7475533,0.24385065,0.5063109,0.05926919,0.35603195
0.49602085,0.1297847,0.74204665,0.2623976,0.34652174
0.96857595,0.34012538,0.42337054,0.3869928,0.17020994
0.4611568,0.78153,0.43067038,0.35577554,0.9442388
0.13503468,0.16834742,0.05981785,0.5768071,0.20812124
0.12649024,0.7327931,0.46666098,0.29805577,0.6344498
0.25533158,0.59153384,0.5641996,0.44244248,0.103492975
0.016222537,0.6317586,0.049548626,0.3488835,0.6460696
0.123218656,0.1325953,0.15986532,0.63676983,0.4625827
0.8677324,0.38061196,0.58023655,0.46603173,0.04365343
0.72207516,0.04622829,0.80049306,0.82849324,0.4753055
0.22283643,0.4363293,0.05512178,0.6626043,0.8403066
0.51172495,0.6922891,0.06816661,0.8463586,0.065363586
0.42049134,0.26897836,0.93497497,0.8741181,0.032340407
0.6005849,0.8552101,0.51191026,0.8528571,0.20875752
0.77982694,0.09271914,0.523895,0.47983557,0.9876495
0.0701915,0.46683842,0.74748594,0.011677086,0.79705364
0.5947798,0.6837278,0.90740865,0.19608104,0.29638124
0.04049653,0.9148853,0.8903296,0.75603765,0.47626203
0.8501512,0.98835903,0.6763848,0.5788543,0.89775044
0.2282319,0.41146803,0.46163583,0.3796342,0.47472018
0.34814602,0.077843964,0.62235487,0.77069676,0.77941775
0.38031185,0.23880261,0.8148787,0.996135,0.9670451
0.3692655,0.3254574,0.030439258,0.052404642,0.70463777
0.45186377,0.25642312,0.092515886,0.7215874,0.33119494
0.8738658,0.73335856,0.16674644,0.21732777,0.7114485
0.9286833,0.54957455,0.89379257,0.5135395,0.78088206
0.46619475,0.712371,0.30756634,0.7884158,0.14679885
0.9916892,0.2581035,0.16012609,0.86633074,0.49691445
0.57172996,0.45236778,0.110224545,0.57921976,0.7674631
0.62674224,0.13997608,0.23585367,0.0058403015,0.9979663
0.13549292,0.9625045,0.26773268,0.6008115,0.57808846
0.066467226,0.44031698,0.02114904,0.26931477,0.89917547
0.21074867,0.78437304,0.35388714,0.6246182,0.5347125
0.062163413,0.38764316,0.7863902,0.32718146,0.31969696
0.5399908,0.48609823,0.981357,0.3428718,0.7455592
0.5829371,0.31433946,0.9895035,0.42451042,0.7974487
0.487687,0.51707274,0.6882011,0.781508,0.37320793
0.2972898,0.91856974,0.85311145,0.52066994,0.37491703
0.045161307,0.545709,0.60770386,0.55711275,0.050375164
0.5511137,0.13094956,0.44848162,0.90057206,0.7403466
0.4266162,0.2509427,0.19722885,0.8045164,0.63371575
0.6813032,0.19452399,0.92645276,0.9454454,0.7209649
0.5230665,0.43611187,0.8060418,0.058193326,0.21622193
0.45291954,0.24902493,0.23230308,0.8797146,0.40377295
0.38252717,0.35059923,0.6666903,0.21331239,0.7934943
0.024749458,0.6117575,0.4785769,0.75684655,0.41209936
0.6985267,0.21624327,0.9637348,0.5250276,0.7288797
0.12258273,0.92438877,0.40951252,0.461393,0.37168854
0.04414445,0.12324786,0.9365864,0.8918547,0.624012
0.16788006,0.1862889,0.9171025,0.1613788,0.27877665
0.013630271,0.25923085,0.26537186,0.2788372,0.45914966
0.70142376,0.8029613,0.96392775,0.773444,0.705401
0.78592575,0.26711887,0.57783574,0.8786846,0.25512397
0.618203,0.43590724,0.27468872,0.59148884,0.48586375
0.065265775,0.19268918,0.5482638,0.16878676,0.35335505
0.23881876,0.8091622,0.5382319,0.16524047,0.3116334
0.21536142,0.6792792,0.22745311,0.46104056,0.5322212
0.56374437,0.025949657,0.50093347,0.7757615,0.05563408
0.8719896,0.5739089,0.98423076,0.008999288,0.06455183
0.88000345,0.10167891,0.39953762,0.9710439,0.36049688
0.80764234,0.49690765,0.17231828,0.5840723,0.71816593
0.9200871,0.74475825,0.6962095,0.34742862,0.07857752
0.5700937,0.2812572,0.060901225,0.81293434,0.33498025
0.5947729,0.13543111,0.7899616,0.89604485,0.75054324
0.030551672,0.23700762,0.3821746,0.6445066,0.85052377
0.8391481,0.54201394,0.21179938,0.9411068,0.007926166
0.21042067,0.78446424,0.97131824,0.9115393,0.63606536
0.27537525,0.82571363,0.4802922,0.3809417,0.6165486
0.13626528,0.67312247,0.45334572,0.58644915,0.3056113
0.68120325,0.76159185,0.070340455,0.5812427,0.58425385
0.48152453,0.58450884,0.52436775,0.92937595,0.91433704
0.19953519,0.2926808,0.07716018,0.45594573,0.7741082
0.1407572,0.7650289,0.52257,0.24216032,0.99720204
0.43747938,0.6313011,0.50251937,0.8951534,0.3204705
0.90716255,0.07303077,0.17012,0.41244757,0.6363556
0.7268453,0.5060182,0.699894,0.61468613,0.36397296
0.87772596,0.65525717,0.32865804,0.97125757,0.23480165
0.088384986,0.26312065,0.422814,0.42756408,0.87569
0.45210147,0.118243456,0.7672037,0.48607075,0.11766195
0.1347394,0.3701383,0.71355456,0.6218699,0.17611396
0.13714105,0.879792,0.36179835,0.27402395,0.2436701
0.49963605,0.70320064,0.61981153,0.73949236,0.94147676
0.5149549,0.4827472,0.4234348,0.23621279,0.5915719
0.08128375,0.7763644,0.41151458,0.67957723,0.85368365
0.8331477,0.122798264,0.35192204,0.005540669,0.93768054
0.6076531,0.4901201,0.70765007,0.018535614,0.89598703
0.22031647,0.47948664,0.88620687,0.96581835,0.08130282
0.8466972,0.074765265,0.07796848,0.1976431,0.27224797
0.6299471,0.6535891,0.44959235,0.2363084,0.79155767
0.92002743,0.08301115,0.8990296,0.35122794,0.823618
0.82895905,0.76472837,0.77203935,0.292215,0.8452156
0.25010854,0.3017047,0.60606956,0.5687399,0.091897845
0.54345995,0.052360654,0.86865824,0.7296367,0.24515003
0.051371396,0.71645945,0.24711847,0.64521956,0.73025644
0.74773437,0.12862962,0.38320196,0.046847463,0.012372971
0.53984016,0.910687,0.9610048,0.8793265,0.48256332
0.9399655,0.09539801,0.18122214,0.7520231,0.99161536
0.82012516,0.36280352,0.33795905,0.24525172,0.99717283
0.69173235,0.8042923,0.2826631,0.10821223,0.63214797
0.9806146,0.26538253,0.8248611,0.8169545,0.48439622
0.21386987,0.9179464,0.5398393,0.8884375,0.007906079
0.3854183,0.46829683,0.66687334,0.8074056,0.054210603
0.47607893,0.087362885,0.77135,0.6810649,0.63866276
0.49572575,0.27234828,0.09034121,0.5595873,0.786205
0.6676096,0.3711862,0.66315055,0.41297048,0.7359672
0.76532006,0.22507232,0.85994494,0.7790467,0.04803294
0.8987378,0.028631032,0.8638408,0.42019755,0.4136232
0.7126137,0.90952194,0.10806948,0.7271632,0.972366
0.6572514,0.90245396,0.4755293,0.7300784,0.65840197
0.57401526,0.4907686,0.7212489,0.3883018,0.80269665
0.5687094,0.6539701,0.4921493,0.43553865,0.48852372
0.7247107,0.7682219,0.79110503,0.59418994,0.5132033
0.19140112,0.99812704,0.8767614,0.85381883,0.28109533
0.68862635,0.2298168,0.5054204,0.3423136,0.96199995
0.026680171,0.97443944,0.8589193,0.7034207,0.4967205
0.6546994,0.99870306,0.25908446,0.36093366,0.15759474
0.090935946,0.14425981,0.86480427,0.2531104,0.3702005
0.9088206,0.47126406,0.7895712,0.75714,0.5098683
0.21252674,0.7747767,0.5606404,0.9955708,0.17414784
0.083827496,0.8956567,0.19449115,0.36470157,0.17183316
0.23083764,0.7372918,0.22789437,0.8340293,0.47412616
0.36113113,0.6585478,0.60224426,0.7832972,0.51498306
0.1414643,0.4967051,0.1307928,0.09281933,0.26768
0.4191792,0.30477107,0.44754732,0.34441626,0.55554825
0.41010553,0.40814334,0.8793161,0.34811622,0.85638314
0.9340041,0.5213754,0.5357653,0.24338245,0.21964377
0.36974895,0.43212515,0.8453974,0.02422911,0.8625782
0.022616327,0.75374514,0.88880324,0.6791241,0.26168698
0.26859874,0.9335809,0.089642584,0.4217608,0.90625614
0.32277036,0.7623755,0.17924303,0.3791052,0.6958278
0.9214239,0.451527,0.7602688,0.895582,0.6739258
0.2623669,0.6763562,0.29127407,0.076545894,0.60274804
0.3062858,0.8416161,0.51708406,0.10194093,0.3282746
0.31722856,0.8741147,0.97451293,0.31010807,0.7163985
0.502563,0.6533952,0.8856454,0.9770783,0.18762833
0.17901081,0.23072356,0.37504327,0.64992285,0.32705432
0.08177447,0.2691239,0.47296202,0.5554828,0.16106278
0.5749145,0.97238785,0.7257482,0.6859128,0.835045
0.61051893,0.42326915,0.7376251,0.33603632,0.03399092
0.6054743,0.54042965,0.009760916,0.7954799,0.11542827
0.9465958,0.78870684,0.37661487,0.4654051,0.22216654
0.023441017,0.960312,0.5459136,0.1768412,0.372465
0.22045285,0.15674227,0.3466615,0.7662516,0.30995327
0.06687355,0.7871347,0.935535,0.5488408,0.25453216
0.69974875,0.6656258,0.021465123,0.7221266,0.6789297
0.47718698,0.6312476,0.69713026,0.29522264,0.6787084
0.6140118,0.75777847,0.9658268,0.9649422,0.14301199
0.63367283,0.33312958,0.45564812,0.94099283,0.3221051
0.35399735,0.90659773,0.8102089,0.34289134,0.063498616
0.87239015,0.2627651,0.15181565,0.38661492,0.16074783
0.5424951,0.2599287,0.1996544,0.5209581,0.8537207
0.7406199,0.029461801,0.97969574,0.7592822,0.110428095
0.13327992,0.92982966,0.034689844,0.18828267,0.9581565
0.028538465,0.96068835,0.9170585,0.16982782,0.8445659
0.3072132,0.73057085,0.19254196,0.774025,0.16163635
0.9093124,0.3822741,0.5480988,0.8065824,0.056176364
0.7758227,0.43434173,0.8548254,0.64181757,0.1200403
0.098391235,0.523966,0.21518713,0.99404573,0.376702
0.29798722,0.7477192,0.8697333,0.98502225,0.01410836
0.93153864,0.6894713,0.8717186,0.6676719,0.6930862
0.97828424,0.18664259,0.8847205,0.5419449,0.36335915
0.82919586,0.08699083,0.44163364,0.9730058,0.35547137
0.18716508,0.83709866,0.53478205,0.25597763,0.4586799
0.3460428,0.23849219,0.6538008,0.45114523,0.5526601
0.32670885,0.89424133,0.43449068,0.2690801,0.8324748
0.8017185,0.6763686,0.5084569,0.87258255,0.53438056
0.7522414,0.17453766,0.9660437,0.24360049,0.5086975
0.025894344,0.51531357,0.27259302,0.86281323,0.2489562
0.6596828,0.4420038,0.19963801,0.9620674,0.25568318
0.72850126,0.8855995,0.5459118,0.59024525,0.87453383
0.74493194,0.36549747,0.14310235,0.44929165,0.21153963
0.888772,0.83353406,0.70883197,0.67317003,0.86543906
0.4695838,0.6375208,0.4224277,0.09045315,0.74991685
0.061885953,0.64957494,0.90228087,0.20480579,0.6604095
0.7612723,0.069173396,0.8652562,0.30936593,0.5299643
0.9544909,0.93789196,0.63551724,0.37396193,0.956356
0.7770804,0.120812416,0.010854125,0.7447863,0.91856074
0.2542966,0.038006008,0.11690307,0.68743455,0.4300117
0.22812599,0.6320356,0.24872988,0.28587013,0.17303365
0.32602578,0.9926757,0.095884025,8.736253E-4,0.5105946
0.080430984,0.39202857,0.27242994,0.6455304,0.68811643
0.5435611,0.65722513,0.056818306,0.73258746,0.83094275
0.5426069,0.97902876,0.39331287,0.6435611,0.54036194
0.6423189,0.14956963,0.9650129,0.015739083,0.78954494
0.17304325,0.4882422,0.2593791,0.82357836,0.5000073
0.38728797,0.95530754,0.7728338,0.15639222,0.8948644
0.6692043,0.76718307,0.27537972,0.82871664,0.25716132
0.026446879,0.17076308,0.3358789,0.32058907,0.81383467
0.83721685,0.29962558,0.46271127,0.32923514,0.46203464
0.76298016,0.2763129,0.90654606,0.6969049,0.30726653
0.33872586,0.15416795,0.8142508,0.895961,0.22951645
0.14227396,0.71047235,0.55077773,0.38619554,0.47412163
0.7389878,0.98055565,0.25435442,0.43137777,0.9451918
0.0222373,0.6245693,0.10180265,0.3562429,0.39233947
0.8756367,0.5298399,0.9132431,0.93092006,0.30956507
0.9087874,0.39648163,0.03317648,0.563553,0.27484667
0.14788312,0.79614294,0.41962647,0.44257224,0.28317875
0.01292336,0.6985172,0.20490867,0.5645113,0.057883322
0.1722269,0.6497972,0.14228845,0.29048377,0.768544
0.066423535,0.4445445,0.36863607,0.84853417,0.90951186
0.3019727,0.08475423,0.7051511,0.78436965,0.32899314
0.40646213,0.11319339,0.40458566,0.6810375,0.40506828
0.50821024,0.574324,0.84744245,0.8652414,0.22498345
0.6050308,0.85873854,0.14443749,0.917969,0.06571984
0.2825749,0.093286276,0.57186425,0.2575469,0.9167551
0.78563094,0.25072724,0.37462646,0.38844144,0.123161554
0.5052147,0.5969132,0.80882084,0.8113636,0.9195851
0.7674737,0.9179725,0.13443094,0.08083385,0.30762988
0.35191554,0.09266901,0.34622723,0.6657435,0.05584228
0.74410033,0.04151094,0.15904742,0.6964818,0.89337397
0.7735931,0.7699115,0.83027345,0.36243713,0.49172223
0.13036609,0.05379963,0.73477435,0.8558474,0.20576698
0.76058996,0.2524054,0.7755647,0.70852774,0.16473365
0.0937165,0.42990422,0.5292125,0.47576892,0.47960252
0.19227934,0.35942084,0.19831842,0.26326174,0.62550086
0.7357278,0.7412227,0.6176274,0.7829591,0.52671474
0.9733457,0.8681048,0.3705048,0.3671803,0.13038945
0.42867947,0.9697289,0.06048441,0.043183327,0.2572348
0.32192838,0.64385843,0.49968505,0.5495975,0.73504144
0.7410743,0.34603405,0.18161958,0.73037225,0.9598533
0.08968365,0.044627666,0.739495,0.38788486,0.22231174
0.65366876,0.37484157,0.8155144,0.36817402,0.0210042
0.4036858,0.8431275,0.018651366,0.31356633,0.052169025
0.78052837,0.57928854,0.23157674,0.20070028,0.055674672
0.036595464,0.1160503,0.3389324,0.5685883,0.65948313
0.18230796,0.51475877,0.7436335,0.27420574,0.8514652
0.56620324,0.8077201,0.8828037,0.48994863,0.8176219
0.2684694,0.46936083,0.03432429,0.9295456,0.111983955
0.6700688,0.9050281,0.37972373,0.8616788,0.70802313
0.6174566,0.20649058,0.14579695,0.26902574,0.44430852
0.67924964,0.16610938,0.821175,0.7797696,0.9292056
0.62174743,0.2952144,0.46378762,0.2964062,0.8631686
0.7093022,0.12367362,0.8879337,0.96308196,0.7986448
0.6150454,0.27963978,0.48770577,0.5464714,0.60719407
0.7787112,0.1264779,0.30982792,0.44893336,0.4835866
0.8104715,0.7955873,0.15364707,0.8642942,0.70772755
0.7618099,0.3067869,0.8390139,0.644987,0.965538
0.3971181,0.89239335,0.18394995,0.012236774,0.73635596
0.7886913,0.5745963,0.39113444,0.1359362,0.7493449
0.3060342,0.9940425,0.7799948,0.20415258,0.65687376
0.82417554,0.77171814,0.20445561,0.8893844,0.12655336
0.8464062,0.7886522,0.93465084,0.89354867,0.2635619
0.48207092,0.5160636,0.018234074,0.36942708,0.9151663
0.3731541,0.73135614,0.43208647,0.008121729,0.5628425
0.53311765,0.1506238,0.30725795,0.275518,0.823648
0.91767216,0.937426,0.98373824,0.16038465,0.9760511
0.19611287,0.3951286,0.87940806,0.9006573,0.48699117
0.046254694,0.6398517,0.9040518,0.5045607,0.06475085
0.50958717,0.85222095,0.7886686,0.9497964,0.41000193
0.49807024,0.61831623,0.366692,0.38226748,0.6661595
0.54358727,0.8723612,0.3234908,0.778247,0.28098655
0.76978695,0.6056859,0.4716456,0.48033524,0.24139667
0.21620083,0.8720823,0.6572657,0.6931411,0.33801103
0.15283448,0.14730054,0.2998091,0.6884052,0.28080767
0.17367125,0.5077665,0.08096045,0.84400505,0.49334192
0.44369012,0.08134925,0.049690247,0.37441587,0.06061852
0.76981604,0.68916625,0.38387942,0.26972848,0.13691664
3.3903122E-4,0.22234797,0.0070698857,0.78315157,0.07978743
0.28705847,0.17358154,0.53461707,0.42007267,0.63879794
0.7914744,0.084522605,0.8954283,0.41591763,0.5176301
0.17802805,0.30126762,0.09776199,0.3006522,111.73409
19.663336,127.868515,0.3170377,22.265312,40.977196
-2395.798,0.113862455,52.960682,0.31995785,-4791.186
0.34398943,1.3788149,0.5598043,58.95555,0.43530506
0.28568435,0.30984628,0.78630614,0.56539434,0.1890024
0.39679438,0.72345394,0.29939073,0.8178951,0.44117612
0.44898945,0.66650164,0.071758926,0.111180186,0.20559317
41.302708,0.6445906,0.70006365,0.30901235,0.02538824
62.21558,0.005573392,0.42725646,-4074.673,110.198944
0.21359521,263.15366,0.6486355,1175.7426,0.16910428
7.930925,369.32422,1.7155848,-4221.6167,5.7219515
20.670614,0.3692044,0.44390702,0.29800406,-4775.7637
0.66628057,0.79673296,24.586641,0.20528704,-4134.457
0.67288285,0.40501487,0.5301893,0.5276602,0.2798254
0.99488527,0.55017537,0.2605459,0.93756133,0.44591153
0.23714262,0.5894652,0.053468347,0.71504104,0.5525842
0.11265135,0.3329116,0.7966653,0.7780213,0.2044859
0.4875453,0.9849545,0.37116873,0.9567519,0.89495385
0.95238686,0.3396544,0.24315631,0.51000285,0.23279619
0.22945231,0.59688497,0.5741866,0.7167199,0.7675075
0.17531127,0.091723025,0.17676818,0.6650531,0.5271212
0.67406166,0.7330889,0.60383093,0.9519475,0.18118274
0.41223782,0.15514481,0.8737153,0.19608438,0.31799775
0.2352457,0.4707666,0.9844403,0.38645273,0.7897525
0.4480871,0.57433337,0.30955482,0.29266983,0.71390676
0.9243009,0.15072924,0.7631462,0.97193116,0.35146636
0.95881426,0.8901285,0.2610951,0.301089,0.34315562
0.068172276,0.12887079,0.47650802,0.67941654,0.60133314
0.46406657,0.534907,0.6750131,0.15101862,0.18819952
0.6273369,0.44544107,0.89124334,0.16336185,0.25053525
0.11402559,0.14140958,0.64375204,0.2229172,0.53605634
0.5736158,0.27393174,0.05777639,0.43293178,0.2092449
0.42029572,0.63630587,11.228168,0.38184908,10.606131
0.22315228,0.2489453,0.19429141,0.8763167,0.4289658
0.9474965,0.5394735,0.427817,0.44394785,0.7646325
0.28324544,0.27921635,0.3911748,0.7153245,0.4834066
0.72829926,0.64064556,0.92858493,0.14767301,0.7646035
0.5395055,0.31790537,0.58153754,0.3623643,0.2891292
0.2521667,0.865526,0.41439646,0.98515534,0.62913686
0.14918709,0.12444633,0.17420924,0.31551772,0.10053772
0.95091325,0.44535393,0.41522664,0.4125157,0.88858336
0.14215326,0.39696658,0.1701796,0.6405881,0.9720025
0.7790292,0.8781443,0.53829926,0.8243208,0.67671263
0.93267155,0.4258384,0.22574836,0.7587175,0.87776786
0.7160751,0.31557757,0.74463946,0.28303677,0.039059997
0.0804438,0.9250976,0.9662112,0.18062091,0.042805374
0.7279878,0.8931778,0.34513664,0.15694618,0.27924663
0.69033635,0.23335147,0.22315979,0.9432553,0.93068266
0.33627003,0.48965454,0.7831917,0.20155174,0.7620816
0.120464146,0.47242415,0.7278184,0.5095053,0.13806897
0.76597834,0.36785412,0.08291352,0.33235353,0.13117278
0.017482221,0.1379512,0.8241828,0.7435573,0.26776278
0.07549244,0.47021157,0.47377127,0.28732568,0.22169054
0.38947815,0.99838334,0.40008658,0.8445058,0.9302497
0.92632395,0.65921754,0.8577159,0.81278163,0.050300896
0.87020653,0.61554,0.20379782,0.31944185,0.8510745
0.022869766,0.014810622,0.17357337,0.90239877,0.616039
0.7172675,0.7202786,0.46152598,0.7098677,0.9575115
0.64621484,0.023104072,0.9743582,0.38336825,0.7370035
0.49381405,0.19921023,0.37596607,0.031025589,0.5603279
0.3936609,0.63236094,0.94152325,0.9512922,0.50769794
0.28456217,0.13005877,0.21094918,0.28131986,0.66380095
0.16452742,0.058228314,0.46020395,0.31386667,0.67263603
0.48771966,0.8351359,0.7097199,0.16447204,0.8816938
0.27919716,0.6992834,0.2064166,0.026887894,0.8721712
0.74644065,0.7940706,179.11258,0.46833628,5.543354
37.25615,0.08205772,0.1931073,1.503644,1.5443138
0.23085392,0.16289198,0.96445197,0.29313868,0.5494709
0.45110542,0.4490239,0.88836,0.6242167,0.64230704
0.87069696,0.710502,0.023803115,0.33491737,0.212385
0.22723168,0.3121928,0.07942778,0.9816395,0.23615009
0.5202406,0.17605609,0.8044368,0.14206445,0.5856247
151.28944,0.41800255,0.18130928,0.40849274,0.46984577
507.301,0.69017905,0.3168308,0.95494914,83.55189
456.46042,229.76607,-1281.7665,454.4208,389.9006
21.567307,6.034622,-4094.9463,-5920.6025,0.69923854
-235.19527,-605.0305,-6285.5283,-1000.43726,-2353.3418
0.36624563,-119.7625,27.692856,28.848297,-4182.076
0.32269627,0.69944537,0.3698377,0.37928438,0.6043044
-5247.6973,-1780.2239,-94.0581,-4086.2493,-2945.0886
-1267.8274,-27.868,-1049.9784,-1246.3922,-576.55414
-3175.645,-924.0057,-4424.2163,-3124.6997,-22.768673
-4703.892,-2959.0225,-4181.631,-241.99286,-3538.6548
-4712.112,27.578285,-4111.553,-4690.332,89.13611
-4489.899,-833.66315,-3459.1294,-4210.07,-4347.0024
-652.88556,-6890.591,-2087.8052,-4947.916,-4234.3604
-169.9839,-2500.6672,-6354.8296,-2317.818,-3197.4062
-707.7513,-99.26151,-594.4772,-3150.843,-2247.0552
-747.0672,-474.99838,32.2357,-1942.3679,-3418.8694
-502.5309,-2566.4924,-1864.5369,-5774.0317,-4978.782
0.3772632,0.76358986,0.24295521,0.17637175,0.84492725
0.9642838,0.6734477,0.2661497,0.9494848,0.57401305
0.91804326,0.6747368,0.004729986,0.49894625,0.79827017
95.14756,0.82544535,0.53770715,0.068760276,0.5792403
-878.2856,-3429.7263,-246.98505,-693.96783,-306.3557
0.7302561,0.68648136,0.30924267,0.1854443,0.48172587
0.2916634,0.9219696,0.38109553,0.7088909,0.30217224
0.016497612,0.901304,0.44754273,0.52405936,0.70190793
0.8706669,0.15583313,0.92479575,0.7340613,0.8726359
0.11652064,0.015220106,0.7599558,0.45549864,0.36069816
0.5689705,0.122519195,0.14406383,0.80052036,0.5529547
0.3390174,0.043195724,0.6353279,0.4549474,0.19503039
0.22279388,0.710835,0.264791,0.08141136,0.10040063
0.99555933,0.93195045,0.14472163,0.2516505,0.2876187
0.67499775,0.13473427,0.18608183,0.7826142,0.18728393
0.36038756,0.5528054,0.87334836,0.77978635,0.7930764
0.82059616,0.95766413,0.6075354,0.6218905,0.95843446
0.026749372,0.48885405,0.93640524,0.39383984,0.21331125
0.3471806,0.33070523,0.6044857,0.88742334,0.6103403
0.55746305,0.75369453,0.5498831,0.4414127,0.93052626
0.96128803,0.63528514,0.223405,0.47294962,0.78089505
0.52854306,0.90272,0.52560055,0.91157806,0.17327929
0.965059,0.73798794,0.7058358,0.8080048,0.10557854
0.9781932,0.4942274,0.9794419,0.18007058,0.98545814
0.0043533444,0.57914233,0.5465732,0.3615228,0.52619135
0.13639337,0.8983465,0.8873146,0.44758487,0.5160567
0.0049720407,0.35484278,0.9032138,0.65234476,0.74945045
0.60561454,0.9743589,0.90051085,0.57477355,0.607169
0.105297685,0.17910808,0.7370542,0.72662747,0.5349512
0.35561866,0.48631424,0.25020295,0.69953316,0.49276608
0.46592855,0.66484,0.5460673,0.51756674,0.655714
0.1513161,0.60927016,0.91361713,0.55909574,0.24646223
0.7770069,0.45135498,0.21182448,0.9075673,0.8604782
0.6775334,0.11160272,0.41563237,0.3035317,0.77355474
0.8447029,0.23639005,0.2731791,0.19633561,0.15870827
0.110032916,0.104306936,0.17221677,0.27920586,0.87194157
0.83388376,0.30288517,0.7112768,0.64261675,0.4815634
0.08302075,0.3228392,0.824944,0.023519158,0.0021020174
0.19136935,0.739981,0.1783405,0.9824712,0.24209988
0.8998652,0.73706776,0.3582542,0.10319686,0.9558053
0.7608316,0.41001964,0.898142,0.9080137,0.50960714
0.1519382,0.5248689,0.67747414,0.93587565,0.032859683
0.9787267,0.5667355,0.51039976,0.84705055,0.54387563
0.78947854,0.689401,0.981707,0.40093154,0.7101223
0.6180712,0.10806757,0.6557457,0.15660888,0.18613452
0.025892258,0.36375684,0.2310571,0.34122866,0.3775378
0.23921657,0.6845309,0.77394617,0.70557135,0.53604645
0.8699308,0.87095845,0.5566527,0.7806253,0.81119925
0.82858086,0.9119736,0.67258656,0.852311,0.39202976
0.34307772,0.13472575,0.755337,0.6973148,0.8616281
0.040060997,0.842287,0.097554624,0.041009307,0.64281565
0.43256283,0.94176304,0.81210315,0.7562568,0.02247399
0.57089555,0.18610048,0.6752706,0.47905034,0.1251058
0.38183236,0.7827445,0.26965797,0.6795693,0.8056116
0.3868258,0.2921391,0.15507376,0.13871205,0.6434066
0.09896028,0.13556165,0.77798206,0.86565876,0.519896
0.7620396,0.63867265,0.6607405,0.49838626,0.40743256
0.6468863,0.93696034,0.22603953,0.2849483,0.8326142
0.67315584,0.7627448,0.51524234,0.31005472,0.054413915
0.27060622,0.7826695,0.44959605,0.9990831,0.4081053
0.7064245,0.8487819,0.19441724,0.5909742,0.9093709
0.6726873,0.77506393,0.024534404,0.5854497,0.36665803
0.09454411,0.73973227,0.7282631,0.78657246,0.08390254
0.4905665,0.48033708,0.33438575,0.23242563,0.50061303
0.9647691,0.76998574,0.43189538,0.6111795,0.88221765
0.36632895,0.73769313,0.5470041,0.2851786,0.7969953
0.5723722,0.87458956,0.8907334,0.19399738,0.7382201
0.31760496,0.88669187,0.7554537,0.63336116,0.30735958
0.8110935,0.07567161,0.8894121,0.36585748,0.7360059
0.8459671,0.22193599,0.06676078,0.5495535,0.8876945
0.33281898,0.16402948,0.48184335,0.59138644,0.36110824
0.7885054,0.4067368,0.6707791,0.24332815,0.33680212
0.1449399,0.12430704,0.40719676,0.4858132,0.001525104
0.5674215,0.95134926,0.21929848,0.033320427,0.16404629
0.2583725,0.9292426,0.6015057,0.11557293,0.67824453
0.90080994,0.34782374,0.3903002,0.7517195,0.53867227
0.37395674,0.34191352,0.7013007,0.56168884,0.87136704
0.1608032,0.35325414,0.6530659,0.33985037,0.39466375
0.8706491,0.3407172,0.15490425,0.6284443,0.4562605
0.8073787,0.48462218,0.85520446,0.33490312,0.91302437
0.081519425,0.28018928,0.9233362,0.77755594,0.8204564
0.64145654,0.8914929,0.15945733,0.6712871,0.5233624
0.16880655,0.13695335,0.4540971,0.39939564,0.5173003
0.84901184,0.6443828,0.14576417,0.73982,0.36256588
0.39842987,0.40372795,0.17720479,0.7626148,0.033943057
0.38942593,0.84582776,0.47738725,0.71601486,0.2933542
0.6828815,0.730462,0.17535633,0.55509526,0.12135571
0.044381082,0.18549019,0.60669243,0.72216123,0.89703435
0.40611976,0.43391043,0.041407526,0.44838852,0.79959834
0.66462755,0.1856417,0.6542702,0.7227745,0.37527657
0.33219332,0.42448002,0.3003391,0.24203694,0.50145584
0.14147657,0.32751644,0.8695672,0.4536491,0.543999
0.32486016,0.35129732,0.32773876,0.6558077,0.76179254
0.95534045,0.737384,0.36541378,0.008535087,0.88481057
0.46233594,0.86630625,0.9637754,0.33170694,0.11832994
0.8865673,0.3297894,0.20123243,0.2821933,0.96864027
0.88817835,0.49421078,0.07601982,0.7715825,0.7638083
0.13736361,0.30749595,0.044959545,0.7202483,0.9065804
0.6453558,0.6983362,0.46999663,0.23069698,0.36663425
0.27808928,0.9720117,0.46187675,0.6263532,0.53033066
0.059738457,0.95615053,0.08818191,0.56893593,0.2958994
0.37858844,0.052978575,0.08923811,0.50846213,0.51817155
0.36177015,0.999771,0.897274,0.1455484,0.48937017
0.87627417,0.8499952,0.44944274,0.7970432,0.4956211
0.97640747,0.5469097,0.6153946,0.26602465,0.31500518
0.45341527,0.86141264,0.09720093,0.6043693,0.6141172
0.3384331,0.29998803,0.779711,0.18812859,0.0147996545
0.56809646,0.2340461,0.4923423,0.18281943,0.91297454
0.70213115,0.15456748,0.8308283,0.5655362,0.799633
0.48751205,0.2911597,0.2544375,0.15300012,0.44788098
0.84530324,0.7089714,0.5049518,0.40109253,0.4620908
0.84530437,0.5982699,0.73243856,0.6441217,0.5598669
0.84682494,0.61302024,0.25765902,0.72506356,0.49137473
0.32304418,0.92910916,0.74510485,0.47712708,0.6691002
0.5080879,0.9459523,0.8568436,0.7838104,0.3257516
0.07916838,0.3210886,0.16281945,0.8826868,0.27676684
0.6567678,0.746555,0.7187156,0.9069992,0.24152493
0.39057565,0.44060856,0.20365357,0.2406699,0.99014145
0.4818077,0.75066155,0.7922333,0.3056792,0.7047249
0.9908114,0.41230434,0.32648766,0.9169742,0.13965625
0.90548515,0.5603753,0.6495194,0.8401322,0.5502071
0.08442181,0.5007784,0.04850322,0.11169857,0.034140825
0.61588913,0.96631557,0.90956444,0.52303785,0.31525356
0.10576719,0.26941282,0.4273684,0.66079736,0.24351263
0.61972064,0.86766815,0.57617486,0.2227245,0.8036531
0.79199165,0.7021333,0.037923396,0.09665209,0.5795322
0.83172643,0.08620131,0.60483414,0.7670827,0.64017016
0.26124537,0.9676402,0.8412308,0.8702773,0.74126846
0.91872567,0.26314765,0.22695142,0.28558648,0.22363251
0.96279764,0.39625806,0.34555638,0.9576079,0.8110711
0.73345983,0.7494296,0.7232004,0.02879572,0.9014677
0.6337756,0.97459877,0.91709656,0.028017223,0.09493673
0.40074188,0.75727236,0.7145684,0.20590663,0.31505495
0.18938625,0.38693386,0.06573677,0.690985,0.41008395
0.7375408,0.30534196,0.9100662,0.43937308,0.80184627
0.26588565,0.23637831,0.54606545,0.30936295,0.18449163
0.99352247,0.79127735,0.5410132,0.1798079,0.022787154
0.11566144,0.75322825,0.89286524,0.6812019,0.047392428
0.31487888,0.5553155,0.8231529,0.2503441,0.2992965
0.2993961,0.014324963,0.071371496,0.8384794,0.042550683
0.38208562,0.864493,0.62351197,0.13180214,0.5565536
0.8120204,0.68071514,0.59170794,0.14271599,0.0813877
0.63356876,0.8386148,0.79711443,0.12729126,0.03299278
0.9548894,0.50455415,0.0035489202,0.75615525,0.19852465
0.5330853,0.42375785,0.28008682,0.3430549,0.8565586
0.93742865,0.41204876,0.5231768,0.88548213,0.69530094
0.20580143,0.2799369,0.9384945,0.56524885,0.007337928
0.20814884,0.77837884,0.8016951,0.05110097,0.484223
0.43802118,0.65275395,0.55311,0.85715705,0.6685764
0.24511474,0.4249714,0.8458492,0.2921884,0.45645225
0.37991828,0.42028612,0.96563303,0.77964705,0.38379067
0.3699968,0.23808211,0.8068603,0.8419828,0.7275268
0.53705037,0.46622145,0.7109145,0.5282394,0.35875845
0.60837436,0.5972128,0.88895845,0.2689175,0.8688987
0.8327364,0.48307598,0.99730533,0.2367835,0.023991585
0.6297731,0.71228164,0.43004185,0.961237,0.8618669
0.49759614,0.8548954,0.7075481,0.6747415,0.8376329
0.9659743,0.63241994,0.26194364,0.8177018,0.39902997
0.07515854,0.0040341616,0.4507404,0.17938423,0.4099751
0.5697364,0.7677327,0.60886437,0.7952744,0.005247116
0.8938367,0.21225601,0.43674505,0.27452195,0.92157686
0.44285637,0.88944364,0.6213245,0.09528828,0.26464194
0.06822115,0.16829032,0.20488435,0.13996327,0.8849092
0.5182533,0.92512006,0.3597209,0.15367377,0.83185935
0.7623029,0.18171787,0.00371027,0.93172544,0.119597375
0.76334226,0.94903386,0.24499506,0.69113684,0.8771114
0.6221617,0.6992662,0.47952384,0.66558325,0.7397321
0.060346246,0.36808175,0.3859532,0.84438205,0.8055611
0.9420916,0.046947062,0.98813725,0.19575441,0.14838094
0.42671424,0.021510422,0.25313604,0.5178817,0.0795272
0.44618136,0.5868924,0.95587045,0.53261703,0.767011
0.9663,0.29028332,0.19624972,0.3410362,0.3550161
0.4286914,0.37245858,0.47986293,0.51757824,0.36904037
0.80558205,0.5294634,0.14616913,0.067610025,0.3730327
0.33198595,0.56088316,0.2278524,0.4660219,0.93627006
0.44730353,0.88372976,0.5246388,0.12213874,0.14445561
0.6653719,0.96464473,0.39320534,0.07958269,0.6442816
0.25436562,0.68789566,0.93809414,0.683279,0.75114906
0.08498299,0.5142734,0.45277083,0.7980118,0.87720937
0.07348329,0.39483923,0.6841573,0.025006115,0.44526726
0.008071661,0.81804806,0.8501978,0.11809713,0.2731387
0.53896815,0.74269235,0.65577614,0.93464947,0.32343674
0.13793409,0.5705345,0.9262071,0.30306798,0.7475209
0.33731145,0.43022865,0.74858725,0.99756473,0.4565444
0.4016986,0.2906595,0.90681714,0.29646033,0.17161345
0.03873211,0.9089704,0.012421846,0.7111563,0.508099
0.38904732,0.8994097,0.87302905,0.63879293,0.29047602
0.18954062,0.30136228,0.48036742,0.70355415,0.14552802
0.2654928,0.46454227,0.61155283,0.47259563,0.7708434
0.7105647,0.9163885,0.6110733,0.02823037,0.5230651
0.017075717,0.11145955,0.14002848,0.14235562,0.47301424
0.67656404,0.38085347,0.66346693,0.102300525,0.29466057
0.1646244,0.8698087,0.8225908,0.96767974,0.07951838
0.7362451,0.71834946,0.05884993,0.18896842,0.4947875
0.5243406,0.13527137,0.89485174,0.14476365,0.04218793
0.29990846,0.093441665,0.4777404,0.32090867,0.6321135
0.23348457,0.13792777,0.19898325,0.08746767,0.41554224
0.6235026,0.70009935,0.58941895,0.098144054,0.650881
0.47039068,0.22302401,0.43660504,0.62557787,0.61452454
0.24389362,0.4867218,0.45987582,0.013308644,0.47863984
0.8887765,0.97894514,0.4604444,0.7860574,0.029004753
0.78154016,0.87777317,0.9141835,0.36121893,0.70804375
0.883244,0.038386643,0.65910745,0.40120846,0.20889217
0.11498052,0.79197854,0.50379515,0.95794934,0.36723828
0.69148916,0.4199419,0.35029197,0.8442731,0.48518944
0.16951436,0.6148133,0.2636764,0.9058181,0.95546836
0.90507704,0.1314187,0.80647177,0.58649796,0.7784076
0.41698056,0.24824405,0.9958606,0.7598839,0.24893785
0.32170093,0.61527926,0.38723874,0.46449006,0.7119991
0.5398637,0.9498233,0.11325711,0.6863621,0.17306244
0.9771884,0.733339,0.7804051,0.03115952,0.8227664
0.3501252,0.49236834,0.8156859,0.85760677,0.1498394
0.2508483,0.35297173,0.88241243,0.31343114,0.663366
0.8729957,0.5085094,0.48116022,0.33184886,0.7321376
0.96030533,9.5647573E-4,0.3155833,0.7896224,0.4542166
0.87992513,0.3956424,0.18937945,0.96024144,0.83940744
0.5790119,0.6671903,0.76212794,0.4994365,0.43762887
0.69350994,0.38152695,0.39569807,0.51233876,0.5190868
0.4373272,0.7051775,0.08030081,0.6413023,0.01690662
0.54956585,0.4139982,0.8523729,0.23182201,0.7579241
0.41837943,0.7915634,0.92505,0.33502853,0.6764565
0.57159483,0.8238517,0.52212757,0.018546224,0.12277377
0.7192825,0.12746745,0.31538963,0.9562483,0.15410095
0.41321194,0.32450873,0.7854865,0.40474892,0.23073047
0.98547953,0.48964202,0.56179184,0.54060876,0.29635012
0.5986243,0.09685451,0.8967906,0.91971403,0.4961521
0.34962213,0.72446835,0.08547807,0.14403242,0.40044856
0.799191,0.49556756,0.047177732,0.13168347,0.46496892
0.17244351,0.058184624,0.8295506,0.3324861,0.63451684
0.09598458,0.107278824,0.34008867,0.5398701,0.32200187
0.94657373,0.1997611,0.015201747,0.77450305,0.20823336
0.8454573,0.31606245,0.71004236,0.25151712,0.99551773
0.95166636,0.70996094,0.26924813,0.42781228,0.65738493
0.49192405,0.13633168,0.029747188,0.87748456,0.39477164
0.13414168,0.2034179,0.008554578,0.9140476,0.6591804
0.9398068,0.12031978,0.104855716,0.58158046,0.31733638
0.2914945,0.32951945,0.57012177,0.28443915,0.7850294
0.25961274,0.2144236,0.4497233,0.31540436,0.95020735
0.14693153,0.23970997,0.7970887,0.07341319,0.8788115
0.45052397,0.11911708,0.8527175,0.06754583,0.9390884
0.21143198,0.5171734,0.5168602,0.9015795,0.9264052
0.3257863,0.6317128,0.39845467,0.49354786,0.4542209
0.88997227,0.57414305,0.35604304,0.09822917,0.93018675
0.4379272,0.8250213,0.2891779,0.6203712,0.245049
0.11034,0.33842713,0.8811793,0.5621258,0.55915624
0.9168219,0.9169659,0.47743344,0.57283574,0.33629674
0.06820911,0.06655675,0.8612342,0.65476775,0.046245158
0.78154707,0.34727806,0.74088246,0.5249557,0.8137812
0.5300655,0.22311002,0.23486352,0.6721073,0.07611531
0.942181,0.5264471,0.32198268,0.58254755,0.9023079
0.14207965,0.27685726,0.7021828,0.20098281,0.48667598
0.8254195,0.700732,0.7055525,0.57321584,0.67083347
0.3054512,0.37417567,0.98146284,0.5698172,0.9799441
0.06538242,0.6808845,0.1289494,0.3465351,0.1389736
0.3466313,0.6858751,0.9039048,0.90438104,0.60395294
0.80005866,0.38336986,0.8135758,0.61782384,0.7292545
0.78376293,0.16379058,0.80283344,0.34677792,0.018196702
0.8202601,0.6920192,0.5452071,0.29764688,0.49163413
0.26040483,0.019175291,0.036975086,0.31774563,0.41740417
0.5023785,0.90217143,0.3487088,0.018607795,0.99896824
0.52673906,0.569313,0.78828174,0.2716586,0.42251283
